3161
4831
4703
2331
1621
2552
7293
4521
2326
4008
104
6082
9216
2439
7099
1902
4025
7133
6873
8391
6494
3
527
8382
9088
3598
3762
3846
9942
3054
9008
3446
4573
4189
6678
4272
9019
7477
8099
2303
4489
2923
6567
4094
6355
4033
7078
3000
8388
9992
9787
6812
6472
3938
6988
160
4761
1786
8526
4193
1196
446
5929
8156
8627
6469
1283
2279
2409
6170
2873
9102
5244
6098
5973
816
5323
8360
3808
3493
4355
8745
673
5198
7928
6867
6480
3858
1880
6606
9567
2539
4777
2018
2543
4271
8470
8578
4116
5963
5784
2136
8395
1076
6830
8275
2004
3725
3187
2918
8479
2670
2240
953
8882
2247
2347
3414
7366
8709
3173
5342
471
4698
4541
5815
9381
1569
1432
8836
5039
9188
2420
8798
7074
5437
3718
7034
8815
3205
1295
6631
2328
861
9047
1102
9361
3376
1905
8789
6382
5126
8916
8941
4446
2168
2846
7284
7570
1306
9657
8619
6469
5623
3318
1455
8060
1329
8867
5067
4959
8727
9348
2430
3371
930
345
3498
2195
7524
9165
1999
988
6823
4441
5534
9491
9565
5882
3115
6821
8955
3240
6512
4171
6804
8155
1750
838
3190
2486
4954
9796
7532
1977
2346
5631
2273
4662
7670
4650
6461
9278
1562
4225
5432
148
6468
6056
4550
1486
7575
5901
9458
5861
4962
546
2687
8726
4630
1340
6627
3292
6440
2412
5812
7808
5095
864
7312
364
6268
5709
6593
4674
3719
2063
7625
4015
4827
7218
265
9468
1350
5612
4962
2919
9426
422
4707
4899
7808
543
6782
2273
6204
3035
2390
1041
6166
2789
484
5043
5468
3121
3272
2265
3148
3262
4732
6603
6459
1337
261
4434
2882
4273
5072
2169
21
9349
1331
3053
3729
5574
9201
8945
144
6951
4904
5517
411
3819
9742
7398
7867
2933
7598
3140
6174
1719
4858
8571
3501
7227
5934
1106
2204
5696
9584
6852
5674
4386
6119
7034
4030
3315
3205
112
8144
921
8489
1294
7131
4285
543
1625
7885
1538
5727
4760
6487
1325
7505
686
405
1822
6451
2144
7281
9665
3741
1338
775
7393
8277
1596
6503
6503
7755
1128
1353
2092
6955
3718
7665
4169
2345
4296
9670
213
680
5661
3350
3316
690
6326
2463
340
1187
8472
2846
4916
5967
9250
4327
824
5718
8353
4563
2339
9829
9652
1961
9420
6473
4993
5475
7327
7604
3750
7490
2159
6649
2644
2315
6130
564
6498
6830
8953
4654
2095
1740
4610
8119
4110
1592
6014
611
4221
9201
3585
5282
1914
5474
7583
1754
8258
8738
8224
3262
1971
8640
2044
5801
479
8435
7758
3531
7344
6055
9948
3932
1426
8749
4319
8226
2464
8248
3975
7449
2370
3459
2173
2221
1470
5487
3393
4730
4155
5433
1157
4745
8977
8842
8046
7586
4098
1974
598
868
150
4101
9395
8603
9106
6939
2502
5734
9523
7033
8682
3593
5670
9381
5306
6874
464
963
4721
5740
9903
926
1989
2459
9707
141
6387
545
3294
6627
8808
5844
3857
4872
7315
3180
2326
6499
3478
9254
7297
6900
2868
2339
2635
7484
4062
1954
3387
6006
1904
7206
871
8061
2371
777
3398
1310
8382
6616
9917
225
8161
3338
71
3241
342
2040
5649
6075
2914
6800
5225
4666
6313
8469
5877
8720
4496
7535
3336
2136
1667
9818
4648
9745
6475
9542
5478
746
9974
7940
7573
7952
8397
1959
570
8572
6894
6858
6335
6609
5796
8539
3318
9162
6636
6309
3045
8935
1246
4418
776
3067
3535
1215
7618
4041
222
8054
1946
1876
3780
6167
3821
8058
8077
8665
7321
746
4835
6532
2159
7678
6911
2029
7785
7883
2584
285
280
5834
3636
9998
4797
1980
8752
7167
4032
1749
3010
1569
6258
1053
3628
4265
4867
70
1937
5883
4979
8687
1643
9623
1738
6330
3823
9972
9174
6140
9827
7983
8156
8446
4277
6636
6878
1299
1696
5256
7575
6500
1941
291
8712
7957
1598
824
2767
5508
742
1126
5907
1389
7074
9280
7349
8423
2356
446
3005
8709
9244
5700
132
9083
175
2529
7141
4968
3794
1056
5447
7339
8552
864
8332
8496
7569
6864
5119
1094
3637
9115
7679
1439
8330
675
254
2464
4568
9662
2903
3980
7718
6506
3497
7805
6329
5075
3114
3223
9941
6820
4928
3817
8043
371
7253
208
1250
5143
7264
4467
3004
6394
3094
1042
7726
933
8521
5945
9232
7197
6235
612
1425
796
2816
9385
1841
6748
993
9870
7411
2654
2455
3576
1003
2824
7609
159
6730
1959
6980
2396
1812
8455
2681
549
2853
1565
7347
4180
4812
3748
2243
6679
1626
9351
5882
2766
8512
3459
9396
2062
7278
207
5190
2440
7644
8161
910
5344
9517
1464
1682
1493
3473
9352
9715
9480
9245
3399
1879
1646
4945
1367
2682
1321
2956
8892
2155
3031
1952
5435
5629
2568
8330
8844
5096
6997
4521
3738
9936
5587
6072
2462
8119
1425
4196
3822
7720
52
5546
4013
2539
5819
6417
6211
4951
8899
4220
137
3721
5861
5181
579
4440
4556
3483
4335
5508
9694
3770
8324
3115
8943
5862
7724
4569
628
7836
1905
486
3200
1177
7663
2842
3512
9643
3787
7728
5637
1677
8358
8726
4498
4732
347
9284
8864
8702
34
204
6422
4830
8596
1410
9598
5891
5787
5539
4518
3255
6062
4572
7109
6497
7718
9722
9713
1643
6689
9108
8780
4837
6437
7335
9212
9255
8110
6079
3774
4411
557
4979
6600
8673
8131
7706
8268
7745
5268
8959
6205
4168
793
4319
8230
5477
1591
6355
8924
1525
4850
7235
8241
4749
424
171
9257
620
28
9468
7295
9415
7971
1718
5770
4535
8903
8690
5099
7132
1664
5884
9709
1502
4760
9361
4817
858
8170
7474
8997
8459
8283
3438
751
4791
7592
9267
7343
7523
8418
1577
1927
7309
469
4963
680
9142
5273
9240
5071
5927
6664
2687
5665
8245
5403
4632
2942
1821
7749
7203
7472
2158
2325
7865
6512
3966
6995
1511
6590
1585
7622
3275
1947
5403
3555
993
6872
8437
489
9308
5894
6706
9950
5757
9546
6803
6058
2878
5027
4155
4462
9367
417
5855
5379
7617
8344
2687
2524
4595
9996
5960
2378
7936
3178
6130
3724
9391
8774
1813
5674
3306
8411
9792
3511
8700
2367
8854
5581
9665
866
2918
1213
323
3764
1783
9163
7386
3338
1071
8464
5460
2399
6436
8687
7697
5265
964
4646
7117
2282
8838
1325
1986
9499
2795
8442
2030
3903
7698
462
889
1151
7606
7106
4279
7147
9153
1451
2585
7004
9731
7549
1244
4939
5039
7183
2217
6456
6841
5845
5081
9852
8485
1304
6834
7466
2652
4257
5372
8400
3111
9446
2787
3499
9820
7381
1117
241
4632
1318
4989
9926
3065
1522
2732
2021
6137
9004
9938
868
5068
3883
7217
8088
861
9334
6944
9955
171
690
2155
2789
8704
655
4448
976
3430
5842
6713
1599
5322
6881
862
6906
5048
4188
299
780
5043
4158
1844
8271
2743
6038
2051
7826
1432
7991
8411
4342
7067
2007
6813
7399
1770
1201
2816
3122
7240
9789
5763
9991
4239
5551
1599
8618
7523
6973
2360
3041
9118
2394
7723
6358
6670
6491
6778
6727
7758
201
6213
638
5506
3808
4480
9165
5638
9312
210
9478
158
7451
7102
8238
8290
6767
6857
5761
990
6979
6317
9782
1377
6571
4923
5523
9776
5003
3831
4362
8714
3233
8594
6888
148
2338
3186
7351
4532
8946
4325
5610
8858
7917
1529
9557
8754
7250
188
5702
7901
7544
2004
8101
6588
8527
9614
6135
26
8098
9953
9799
6225
5191
3950
7074
2684
6289
8559
1753
920
6912
746
1634
7950
3569
2126
6391
4257
8738
7181
1634
8448
1294
7639
672
9881
7447
550
8315
1837
2747
7772
1693
9490
4011
217
1511
8880
1111
1015
3417
5367
2491
7957
3245
2641
5009
7085
1754
6253
8237
6087
4223
8855
5702
8266
7716
7848
735
5322
4210
0
2545
9871
874
1713
8955
6751
9751
8115
5815
5464
7850
8891
9550
4850
5235
3904
8498
5024
3063
7004
763
961
5757
2168
1145
6706
1456
2146
7380
9125
2767
6088
6397
5363
5432
9331
4602
8712
5982
5425
2283
3500
735
7816
1168
738
7526
6147
5880
2815
8480
54
4584
7296
6798
1549
1460
7001
3085
5602
3827
6016
7014
7381
9698
8958
8309
3742
7348
3957
6929
6043
7071
8101
6140
1124
6748
7858
3694
7371
7020
5904
5747
3211
8968
153
5334
6061
7000
366
2228
818
2345
2668
3829
8273
8014
2542
7384
5533
4392
2414
2255
2441
5720
828
7237
310
1643
6388
1989
1844
4731
1132
3526
4024
4423
4802
8427
8968
194
3630
8904
1271
1898
4639
6217
4194
3264
9244
8061
1210
5238
7975
7458
3867
9558
1518
9508
1737
9269
1954
8866
5263
2208
2058
5237
7764
5446
9851
6364
8517
3597
190
7988
4919
1512
5125
8089
8026
2401
9
8358
2427
5686
2876
9276
8392
5009
487
6463
1483
5730
5638
5008
2421
2959
6785
5393
7898
5762
2887
9307
1234
455
3452
6177
304
6146
6221
1533
9013
8597
2674
6495
7711
4322
4585
3584
7445
5402
3222
7850
2704
6931
6488
3854
7372
3238
8274
8441
9073
6071
8604
6444
7714
7754
2784
1450
5156
5057
2684
6592
4186
4919
3537
981
6694
1521
5184
5796
2860
5272
7580
370
5479
8202
6533
2619
6099
6975
7177
100
2587
4291
9443
7641
913
1782
1958
5031
7494
2677
8189
3538
2272
518
1427
3201
6842
934
3255
3765
6412
7172
3486
888
9169
6415
8285
5826
1677
3206
7148
1195
4378
8306
8725
7589
6937
6181
102
5856
9233
1975
4090
7648
112
9301
4284
2507
2678
3483
8266
3184
1860
975
5131
2147
7269
4604
4756
1325
1944
6010
2676
4000
5492
1203
6283
2456
8333
2510
5143
7528
2285
328
680
6479
1578
1122
8223
3804
7519
3859
7453
5485
9489
5687
5668
981
4759
9083
1960
8825
9660
6934
9397
1072
5069
9023
6604
9038
9883
3295
9757
7788
7164
7891
952
9644
8989
5459
9110
7637
7696
9513
5206
8240
3149
3746
4407
9026
7962
9067
3931
912
5179
9930
6926
6591
5816
1000
9454
6410
6892
7590
9817
474
4088
8468
6855
1088
7026
7594
6635
2778
9289
2150
4956
8062
9798
7833
6517
5936
6895
8788
227
6581
1614
8786
4171
197
1991
2309
3022
73
5980
9031
5335
9982
6585
2877
8059
3862
9147
7301
883
1320
7352
1724
3556
6006
1541
180
5221
5095
120
2117
5942
7257
2500
7053
7160
3329
9878
9307
9549
8608
8373
6395
3917
8235
7595
4821
3211
7397
6507
20
1406
6258
7642
2933
8170
5465
173
4373
6491
1826
2103
9683
4215
5325
1963
481
9364
8059
764
7281
3464
2825
5695
6654
6705
4140
8071
9259
3694
7284
9369
543
8797
1578
849
4212
5651
2578
4219
9660
6251
4110
3065
8491
1242
5150
7384
1952
4515
8438
6422
687
2020
7413
8256
534
6826
5551
8087
3271
9891
7545
1024
9197
8760
4850
9323
9226
4434
9124
8474
7759
67
5795
1333
4040
3781
6604
4568
8905
1932
4324
7087
5899
8429
5091
5848
572
336
3739
439
9432
9941
5410
4205
520
8682
2309
6302
867
8916
7923
6046
2164
5351
2310
8197
4947
9166
1094
5404
3276
4341
7728
1935
6450
7493
3259
1031
1669
9674
345
6750
1677
1000
8594
4
4450
6710
6448
7644
7746
6341
741
2896
9948
6052
8877
5262
59
7817
86
8040
3922
8199
1646
2060
778
3743
3147
4926
4151
9604
6849
6070
3674
3003
5069
9287
1
3317
6103
6050
3189
6185
8686
4880
6077
9861
1226
4303
8079
8245
6128
9540
1558
6515
1401
5955
2469
2073
1464
5508
9321
5663
6534
5986
9688
4917
5343
6610
1444
5378
9043
7799
6728
2043
5109
7288
209
7900
8806
9616
9680
4568
6379
1056
6188
4173
8480
7488
3001
874
4555
8394
7522
5109
8943
6217
7955
3511
7232
6637
6996
2741
7057
1970
8097
6009
1005
6886
6007
6924
496
2872
2127
6516
8634
5492
7032
5753
6870
6383
6988
7667
5042
134
8686
369
6848
4727
6551
4605
3136
3052
9992
7301
3539
2175
3729
5567
2915
6459
2941
4018
2825
474
6396
1944
9844
7670
4963
5856
1896
1198
9928
7242
982
4006
5398
4986
5709
6318
1755
6839
9820
9982
2575
4569
3582
786
5745
2969
3324
1847
597
3793
676
3406
6791
1838
7150
6995
7438
1924
1564
4801
8440
2288
7514
8301
8448
2063
5638
3745
8926
7926
680
5903
1872
7747
6561
5663
3451
7127
3561
1492
5482
8084
505
9589
3067
7829
1402
2624
5925
9562
390
2352
3015
6532
1009
7120
4887
5216
5862
1308
5869
3416
524
67
8678
4301
1221
9385
7331
7992
9204
8475
333
8148
6052
8732
5043
2201
3186
1128
5841
362
5747
1778
3255
371
5723
3661
8588
2016
1686
967
8700
7952
2850
1408
8637
5028
3270
974
5542
3439
7973
5059
5922
9360
6554
9691
9730
398
1351
6662
8978
2223
6697
6756
5621
9007
2944
6011
3300
9940
3957
934
224
9035
9613
9966
5925
5635
5458
129
2910
8657
137
9729
5363
8408
7456
317
940
6039
4031
3627
8441
2176
5330
2187
3674
3084
2646
5438
8202
4817
1025
6785
797
3278
3510
799
9431
807
176
3949
2419
8028
1411
6734
918
2997
3628
9810
1414
8424
2176
1841
6072
1704
603
2176
823
1820
7635
7180
5967
1774
3206
5062
1695
5170
2747
397
1434
782
4532
6165
9210
9515
8358
8124
3304
4040
5075
3576
7436
2545
5570
4200
2387
4566
4678
514
5563
8643
204
3740
3309
8683
9745
9373
988
8334
8320
5604
8795
419
7949
8869
7073
1546
6286
8299
3502
358
5148
578
5952
1597
1363
6846
9007
7117
1758
3650
9227
9327
1280
670
4049
2114
8281
8998
1908
9288
3788
5030
6628
776
2247
6741
7441
2397
9655
1042
7059
5876
1263
3190
4193
1983
5094
1836
3587
1134
9427
6174
6223
2623
2078
4872
4665
5773
6808
9993
3712
3701
7549
2966
4488
3178
4233
3776
885
2080
4971
9065
898
9321
8108
9550
1790
830
4213
2302
7252
9132
2488
8796
6783
3399
8246
5377
2351
1457
8136
8792
5061
5158
7617
5803
5050
5789
789
2515
1108
6726
6188
6047
2625
6421
3358
8414
5397
5996
4113
121
4523
2195
9298
8822
2204
8271
6520
6648
5575
2498
6859
8313
9880
6417
8891
947
5292
2688
6458
5775
1438
5469
2612
1178
2333
4599
5889
6511
5806
8579
6650
6082
5754
289
609
3133
2595
3736
3872
4363
7132
9709
8814
6556
5733
3168
2941
8235
175
5439
3534
872
3824
9832
9294
6197
6910
171
6489
8393
7569
7926
1171
2549
2061
5092
905
3665
7117
6815
9164
3706
9706
9835
3043
7715
4691
294
273
3850
8827
7162
4651
6354
329
5611
9940
4936
6847
8046
1073
8792
1115
9147
8038
8627
2753
5312
2239
5385
6733
8177
7292
166
3921
6497
6260
5774
6698
633
5111
6737
3223
9107
7866
1229
7124
7263
2304
5357
5541
3920
6393
7472
7374
3119
4655
7832
5265
4509
570
6774
9447
7782
5842
2817
8900
3641
9811
614
5444
6232
2670
7521
9367
9727
4251
6693
982
4783
6089
4097
1108
8975
8254
6581
4890
9002
3990
8252
7591
1420
4606
2799
8050
3013
4238
117
5325
1484
9136
6616
6734
2112
8931
9922
973
6248
7981
358
8274
3098
3353
3509
681
7076
2224
509
9441
9243
5607
5217
3212
2779
7136
397
365
9309
5393
8197
987
4964
5736
3763
9353
2526
2917
4671
5647
8743
8920
2979
6460
3945
1402
1198
7226
4468
6851
8235
6164
7089
9184
6462
8529
8641
8869
6453
1989
3302
9859
1650
8847
4681
1632
1247
8440
9717
1469
5925
3571
6703
7709
7688
8087
259
8195
2067
8839
1973
9369
8187
4168
6598
542
9796
2798
202
4776
8275
1541
8452
2477
6824
7593
353
6328
3570
1354
5182
6520
184
8680
8111
3355
1716
7279
3058
245
2859
561
9687
3919
5592
3654
5142
171
3264
556
123
2923
6576
8399
3180
1529
7613
4694
6757
6276
9147
6045
3428
4874
7706
2347
1012
3319
625
8734
826
3015
9191
8680
4180
2256
2329
5538
8427
4254
7818
6557
5353
5812
949
2954
1503
387
3747
1960
2177
6840
1410
1923
8232
474
6427
9564
7588
6102
5037
9217
1397
3824
5103
7540
8190
6964
9286
3564
7995
8193
2479
3201
2448
4217
7850
9346
6170
1664
1584
3593
9354
6753
2413
3224
1402
9186
8371
7624
726
6336
9860
1555
6344
7240
5093
8845
2820
7171
1209
8931
1235
2633
2004
469
5397
3522
1073
711
4298
3864
7400
6751
8930
5087
8936
4885
4039
6067
8569
7302
3097
2368
6020
1131
7859
2990
8664
3467
2240
6756
4059
7404
3895
1990
7053
8351
5943
2560
4732
6925
5502
532
3181
4599
5398
710
1083
907
291
5148
6477
6535
8720
6351
4686
4876
8142
6351
7358
5754
877
5068
4862
8939
5092
5475
6855
1778
6403
4952
8733
4851
2535
1905
4913
1869
5549
4254
3392
5229
3618
1700
9888
6608
7042
6832
3999
2766
1280
1058
4302
335
3120
136
4069
9798
4818
618
4373
8056
4994
2941
6761
1076
4419
9063
3374
2913
9416
2573
8437
5093
5549
7019
1351
831
9506
3837
8304
1814
7639
4699
6249
1427
5511
4382
402
7172
3954
9295
3971
6796
3652
3734
6751
7163
2081
579
7425
2263
3724
5711
2928
6917
6943
5695
7086
5723
8622
6461
9874
2568
744
6618
8115
4642
1446
2835
8211
6298
6776
6255
1577
2346
8357
8336
3872
7391
6491
1668
9800
7689
7839
6359
6319
4663
1748
5389
8399
4695
9543
2955
3141
8100
6663
8314
24
1292
8370
3842
7328
78
5969
142
7356
8723
1953
2893
6003
8999
9290
5838
5399
5748
2211
1825
1909
702
3260
9109
5601
4227
4137
3317
1426
5501
5898
6344
6849
5198
7476
2283
5419
1199
134
7021
867
7045
9471
2523
1711
4931
5930
9044
2075
9851
9324
8488
446
9190
2887
9986
4420
2555
7554
4374
6162
9879
7760
7719
249
1996
5902
5283
2841
6750
3796
6406
8737
5458
5954
7662
730
9082
1309
6332
3930
810
7144
8771
6229
1934
1403
8548
4920
849
7307
7376
8630
851
7264
7810
3214
943
1426
423
9990
5347
9919
9783
4822
1577
6772
2894
6941
4037
7901
993
7103
9903
5063
595
5717
6758
2711
2494
2915
6897
4834
8079
4180
1534
4505
743
7105
9223
9667
6457
7157
6743
4910
1637
2874
7408
455
8295
3849
1322
6396
6215
8061
4424
2350
9347
8624
8377
102
8975
3889
1284
9581
9336
8966
46
6550
2302
1195
8756
3780
6522
6885
3956
6135
2975
1709
6787
4004
3268
2562
4141
8832
9230
4393
5743
9094
2342
1530
1765
5016
9363
9406
6076
5565
6184
9169
3492
1818
5331
4709
5502
6653
3851
8816
7881
1922
7353
2870
5304
721
2879
2269
2628
4230
7967
8096
9862
9657
5784
3982
8021
8299
6529
6030
6001
452
3430
2731
4465
6966
7630
1365
1269
5606
9985
7051
4416
4075
9402
797
2745
529
6700
3220
1582
6730
199
1369
474
8615
4233
7096
2743
3966
4620
6741
2130
7127
5744
3579
37
6274
2360
6417
8020
9584
5490
9997
4075
2885
5853
5488
8013
2794
143
2200
720
6225
5197
4907
4512
9211
2562
4661
6892
5458
1332
4849
8058
7768
241
8355
3252
3530
940
6195
4678
8862
3166
2727
4111
4634
9061
7670
6566
1647
8300
516
7415
1494
7880
8684
216
4296
425
6744
167
4403
2686
412
8590
413
1572
5646
7125
6416
8450
144
6435
7234
3761
1829
3132
1611
3032
6460
348
3805
2278
4467
1943
5840
5464
5253
7682
9784
9217
5794
6869
1878
303
9152
916
8042
9511
7708
1128
3390
1528
5370
6558
6717
4183
2761
8225
4619
1948
9537
217
8899
8040
8327
5225
5223
6610
5531
1923
593
1539
5242
4271
2164
1183
3867
8297
139
9043
4703
193
3071
8775
3675
692
4742
8214
9705
4569
7983
1191
5802
883
2288
7742
9822
9075
8894
3082
7091
8421
9093
3159
608
3490
9009
9973
8354
6246
6770
2955
1418
6202
6126
3650
1101
3673
3857
9726
7920
7560
7063
871
548
8334
388
3569
8110
8940
2532
3887
4956
1188
6058
7475
3104
2854
4386
3751
3819
1209
5156
6917
6499
1977
9655
9877
9972
8829
3920
8385
8594
7425
8264
1850
3125
9767
8490
4076
4257
9146
3877
1937
4885
3323
4106
2480
5734
3771
9757
9294
7796
1747
8740
7076
4179
7784
4071
9338
3434
9790
6800
7874
6201
6345
1540
4267
7104
6028
1085
3025
4219
642
865
3188
9170
64
3653
224
1903
9100
9827
2858
5562
2218
8766
142
8504
318
2492
2479
2495
4794
3570
6600
8353
8073
5413
8562
2947
6532
4685
718
4318
1244
2263
8300
4922
4348
1356
8773
6518
4016
8807
2452
4053
8957
8345
5975
66
4202
2619
1209
5567
3492
4208
908
8150
52
4473
9007
3169
6705
3145
7845
9219
8381
804
6779
4864
4868
1063
6678
9588
9384
9172
2613
8281
8960
9031
2672
5227
5978
1126
4297
508
6257
9793
793
9039
8034
9397
9724
6
7909
5488
1813
2413
4334
8823
3635
623
6629
7257
9935
2335
7626
2923
1683
249
1064
9894
4161
7848
607
539
5279
9160
5988
7200
8117
2165
3203
9450
3216
5584
9876
6221
5585
9193
3987
6387
8528
8519
4001
1007
1447
5790
1089
5347
1581
367
9629
9088
278
3523
454
8628
2852
4395
2419
6303
7316
6224
1788
7502
1389
4576
5638
8164
9023
2131
5065
1937
7418
7857
6284
8412
2988
1902
2918
1273
82
1369
720
7928
9368
6299
6791
286
3777
9649
8927
9665
8617
9817
7189
7534
9080
9379
8964
7770
2722
9058
882
5415
6718
1718
5756
1552
9667
7139
419
3835
5590
4728
788
7459
3361
7912
3785
1916
8281
969
1832
4740
3751
6305
4588
4648
79
7773
4284
2946
4348
3546
5585
3906
9943
250
8234
1930
6888
8591
933
5731
4415
9572
7853
7530
5367
9511
4997
8315
7955
1554
2212
8571
4163
1158
8077
7578
5661
3087
9126
3374
7475
7880
1894
9767
6859
6460
6131
6424
9815
2575
204
2983
548
4101
5183
8366
9762
5887
2372
2061
6155
8791
203
4982
1726
1816
270
3699
5601
6871
9046
3339
2928
8540
1353
1265
5138
4503
4009
5733
5335
5739
3249
1197
7935
9502
7478
4639
4776
2205
7734
5395
902
3799
1810
4283
1957
35
4427
6535
1710
4054
5059
7045
2614
4180
7067
5711
4501
473
6642
5323
6521
8662
7724
4320
5255
6366
9553
2041
7579
3228
6783
4606
283
3473
8211
5458
9724
6744
9068
5774
3853
616
3571
6441
5865
6105
8952
5096
3377
5699
9566
8875
9592
1961
9796
5905
3192
3603
7514
6359
1873
5048
5586
6917
354
5020
7566
871
7464
9401
5100
9773
8478
3752
8812
1542
8272
1252
1475
4221
8047
2526
2138
4231
3380
4896
2512
2865
4213
9857
2446
5042
7975
9314
9572
9871
5535
3001
9320
3457
5894
1839
5427
567
9640
4537
7766
3251
3028
7663
3902
1340
4295
2618
3096
1846
1291
6467
6666
1738
4844
7427
6590
1278
5410
9960
5026
3212
1513
8875
1015
6425
7225
6628
7075
1385
2528
3093
7603
8682
4759
2473
3036
1284
1562
7740
8609
5730
5767
9024
4170
7442
443
8676
2029
562
7995
2435
3086
3272
643
3038
7590
5447
871
9925
5811
6651
9489
6256
5611
8983
5869
2376
8469
1108
9593
3052
2841
6896
5250
4367
3924
4539
2476
4953
1865
9772
1426
5430
6231
9857
9850
9363
3194
3366
1668
8824
3259
4502
8552
7741
1629
9654
5374
6616
321
8216
7590
2902
1001
9310
3645
2351
183
991
8293
8004
3903
8741
3373
5106
7282
5629
1024
2243
5489
7382
580
1215
6521
1794
4456
806
2974
3377
238
2457
9484
998
5860
9113
4905
8335
2282
1990
3427
4424
3403
3893
6832
4327
6057
1826
891
7994
3926
6131
2457
8760
7919
8136
298
1610
2176
3422
1878
5329
9217
3164
369
1970
9966
1777
1029
1683
4381
5057
3729
883
6251
9414
8910
6985
1349
9380
7537
3482
1585
7581
1707
5017
9053
8625
1505
3272
2944
5937
5416
1012
9190
8484
6148
3402
7378
2545
1068
2856
2010
2192
6628
6095
5490
1010
9139
9842
8350
6713
21
4639
8200
9789
2282
4629
2619
7073
6393
4853
2779
1241
7942
6573
4002
7620
6500
5457
6624
420
4989
7098
5556
1504
1493
9229
9760
6185
953
269
3481
2157
2460
9402
9540
9635
8966
4220
1240
3081
168
8182
3510
7433
6013
1622
5799
4714
7851
6822
8938
44
6593
9841
5680
9672
2395
9153
9962
7426
8396
3950
3074
156
1779
2994
5843
7223
9091
8264
4733
3810
9111
6357
6303
2990
5829
4561
8869
6821
6124
7848
2415
2492
1567
7650
7783
5554
1478
3195
4031
8612
4803
1458
8455
499
1707
2301
7219
7921
1839
1282
5824
8836
5192
3753
7683
4426
3161
402
5975
4392
1980
6181
8654
8561
8045
1675
8969
6283
4822
8406
4216
3937
3987
7324
3535
43
9271
2762
1548
6904
55
2539
8362
7506
3196
8532
8064
6465
5779
1089
7198
4249
8559
4897
1916
4565
9660
3594
7510
5878
819
5315
6851
9320
3913
1613
4899
6944
3790
7750
4883
6196
4552
3237
8029
8784
338
7656
2772
4702
8392
8325
1272
5066
1732
3137
771
622
1102
4061
4804
6343
1038
4190
4634
6326
2887
3993
4389
7389
8370
458
4348
4207
914
6220
5558
3613
8384
4392
5568
774
71
8887
9420
5345
2839
9243
2246
1445
6178
3655
9842
1271
3596
3800
1399
8577
8232
308
4197
4816
3895
8286
3537
7776
8806
8165
2438
9765
8268
8325
4681
20
4187
2455
1699
3899
3932
6393
8480
9635
8364
6328
6169
1950
9025
2673
9396
673
7473
1653
4450
1653
5525
9722
421
6715
3782
4281
9134
9193
7214
7864
1322
1652
838
1929
5830
2824
5526
732
5872
1472
3865
5347
1348
5962
8643
2855
9059
9604
2015
5941
3299
3538
1688
3728
7740
845
1585
5510
5799
7886
8352
5258
721
1420
1785
6256
8539
2982
6836
2012
6732
5206
7169
1748
8921
8293
5425
6172
1290
8670
3331
1981
9506
6051
5574
1628
5910
9540
4964
8216
5481
8224
2841
4101
5643
6774
7881
5748
9397
1979
8527
6722
3429
1846
9106
5278
2875
4929
7366
2988
2229
3892
1637
6046
7534
3943
9130
1489
8420
3767
2970
6392
9844
3829
4483
9341
2422
4538
9001
9908
7155
4644
7952
3728
5047
8451
7405
7846
4601
8965
3358
3465
530
2932
7078
947
5131
2865
9556
5004
9731
629
2769
6349
7375
6918
6848
9794
9477
1066
6479
7748
8583
6005
6903
2402
6529
3926
9745
9468
2361
9207
1551
1324
7138
6508
3406
7606
3423
3592
8294
6885
5683
402
3948
3919
4098
8162
2888
3150
8347
4918
8033
617
9807
6769
1849
3260
331
7307
9320
6714
3247
1276
229
103
7563
2309
4166
9125
9498
8758
2526
6738
6386
6079
5320
4149
6790
9032
7059
3486
7207
2018
5203
7516
148
1302
6683
1098
572
8555
2891
3657
7646
1208
1177
1918
6655
1414
1375
7364
1494
2080
9169
3454
1629
5413
4230
3500
8691
6658
9940
1272
6901
3325
3278
2928
8461
8104
7967
623
9683
1845
1340
5320
6204
1564
5547
8722
5882
7202
6701
2007
6189
87
1365
2092
8776
5452
8367
4542
7716
1178
5352
5885
9465
4997
3729
7135
1968
2791
2675
4591
7561
1362
2734
3622
9286
27
2231
6066
3103
6776
5151
2139
9088
6351
7480
3264
3166
9585
61
3154
7172
5599
9975
613
9149
1056
9143
9040
7603
3573
8435
4441
3213
9585
7874
5826
8941
509
8729
9357
4842
4871
1249
314
7011
8213
2594
5017
1014
7082
3101
8222
8967
8140
5469
172
5948
8558
649
1495
5845
9229
6279
3427
8914
8083
8358
5486
3364
6756
4518
2619
1070
277
7716
9134
3180
6012
2496
7224
4814
5133
2031
3830
9323
7096
3096
710
1623
5253
7857
9115
7055
9591
5880
2258
6851
803
7133
5895
3861
8446
6920
9753
2471
4749
6654
312
4806
4816
183
8462
1237
3393
3965
3965
6992
8183
833
2319
8229
9758
1284
8608
318
8518
3302
7229
8276
9866
1554
6031
4306
9798
9475
8295
225
4429
3230
6253
3182
8645
4846
5401
1530
1016
2889
9710
3966
4397
2995
4046
9138
4217
7287
1591
4779
9376
1240
855
5158
3851
8939
9007
3112
673
2803
5678
8280
3757
1850
4121
6265
7206
3370
4688
4419
6206
6468
8942
8691
8365
2355
1400
2566
9470
5495
9919
3480
3018
1766
5010
4331
8590
4629
3014
7689
179
7983
7990
8128
1889
4849
2411
3766
5117
4326
7331
1508
8249
5355
8529
1782
7200
4760
6362
7601
2718
8744
3498
9699
8259
1575
6557
4145
461
2539
4772
1405
2771
2411
1235
6079
1613
3668
27
4738
3637
4467
5583
5181
2059
4996
9030
4229
9853
6252
9899
2722
7691
5501
618
5787
4860
9725
5487
3617
2174
8221
5474
3055
6860
8179
5093
3040
765
2538
7846
7666
4895
7719
2329
9001
5216
9934
1886
8119
6968
2687
6969
6830
7310
4803
767
4506
9000
7884
5549
4079
1066
4415
9238
8818
5910
2938
9177
6787
6146
4657
2798
3050
8617
6677
2969
609
7510
623
9125
9842
3234
1855
4031
2771
8858
3684
9955
2870
1259
3073
7391
3334
9889
9112
4050
6724
2049
3269
1796
6742
9935
878
4433
8498
1357
6600
9804
7128
2981
2727
5554
5807
2239
8096
9059
3360
1641
7110
8541
8476
7097
2913
4188
2299
105
6102
5210
3616
2165
554
1215
1246
8609
888
3995
6311
8223
1904
8919
3060
4459
8930
3457
655
3826
9423
4046
9910
7160
407
1549
8350
9828
3362
9782
4161
7673
8039
1287
4610
6515
9342
9410
7340
4355
6887
5994
3571
7107
5156
9571
688
604
3243
9793
7969
3940
7140
20
3256
1769
4197
1494
279
6102
8969
9313
6025
1342
1993
2557
5060
9826
8219
8335
3033
8990
9773
2281
4730
5412
8567
6070
2978
5452
7810
5895
3493
6990
7959
4547
7279
1849
1825
3703
6651
3885
5609
2359
3066
3441
7508
1956
5024
4899
3178
8674
2084
374
7824
8616
6696
9284
7990
2165
8976
450
2213
9665
835
697
8621
1748
4932
1470
9293
4137
793
2932
5733
8563
5177
3173
7159
8526
6221
8713
3490
1108
1273
1327
7875
3741
6425
5335
9410
7931
1709
9001
5283
271
9692
3447
3015
4800
6765
2556
7694
9715
5809
7772
6111
5775
6121
2400
9606
3361
1497
1028
67
69
177
1046
9006
957
1003
4876
7941
9149
8588
3503
9401
5345
6553
4150
1798
957
1954
7554
8139
1134
5916
3181
8073
682
5180
3941
5154
8057
6790
5488
6338
3
3449
9018
8719
2188
239
646
9319
9198
4306
4891
7310
680
7916
4587
4513
9048
1821
4598
9191
8192
286
2163
258
1947
1309
2359
3810
5654
5587
3227
1614
4130
5589
1441
1622
4561
1750
6035
3894
3432
6240
4678
1419
2431
6001
4267
4205
9495
5861
5176
6797
7612
9378
6431
3855
5839
9782
7251
5836
4091
5894
8967
6960
5700
8220
135
607
9475
8551
6820
3129
6069
2349
9496
5607
1804
6962
7780
4549
6820
271
4296
6719
3361
3783
9380
346
4371
1344
9042
4808
2146
9692
9628
3560
1758
9866
3960
539
4173
9139
5386
8590
9576
1578
8135
9535
2262
1602
4651
9459
4655
8972
3150
9466
9477
5556
1569
1755
5934
3863
7276
3172
7888
4905
5430
3590
9401
8225
2734
4430
5815
86
7460
3441
6552
6755
1087
5451
9216
8581
1692
5214
3251
7133
4283
7724
5384
2055
8701
3387
8432
6477
1404
302
9621
9861
3491
3586
4537
4947
3646
2124
8049
1124
1339
6441
4114
9992
2588
7492
2226
134
7858
5073
9487
7200
9258
6291
3723
2281
2096
9074
4916
6249
4077
3054
9334
256
3938
312
3145
2906
173
1478
85
2733
9615
8433
780
587
5152
3498
9697
282
1597
6399
9385
7421
8821
4506
666
5717
1677
8922
1719
7312
6937
8825
8647
8613
8507
9131
5038
5976
3496
2046
8267
6228
3406
1342
5858
5425
6621
9314
6074
5545
707
273
3112
2867
5568
1180
8746
3659
1440
9550
9091
2525
8909
1110
7257
6250
1644
4873
118
1311
6418
1257
144
6351
9086
9670
1325
1873
9700
5596
1545
8154
4687
3614
2495
8964
9109
2031
2173
3063
7442
6838
4335
7618
6989
7556
3890
7740
4115
5204
7139
4112
9775
3098
1044
6353
7509
4486
6216
3189
4000
7122
4232
1764
9592
3803
1030
7513
3739
9612
4658
2875
8270
1168
7439
7847
9539
520
9740
7876
9104
6495
4966
4912
1359
9297
3143
5587
5744
9922
3507
6413
580
4594
4893
9668
5386
5795
6392
5217
8599
5745
9739
2875
8026
5172
9213
7142
2073
126
4425
1129
817
2194
6335
9342
7328
3003
7042
9593
1296
2170
9499
2776
8984
8946
4115
5511
5795
1744
5441
4709
343
6451
3597
5011
1805
3974
1921
9755
5554
9823
4429
3617
5589
3689
4110
415
6123
4968
5837
2686
8841
971
5707
594
6789
8154
2016
6499
663
3119
1737
8072
8306
9384
383
7238
3669
7933
2422
4418
7179
4438
4051
7566
5484
3684
49
3296
4890
2229
1689
3046
9450
3614
3238
671
1639
6538
437
9115
801
5325
5548
2871
2168
3760
39
9855
7131
7889
7797
984
3676
735
8851
8269
4401
2063
6056
2576
8385
9289
4900
302
2320
1427
9683
4202
5789
6570
7646
7332
5345
4818
6357
672
2122
2790
8620
4347
8130
2907
3489
9584
7089
473
1600
3555
6676
4264
7946
2055
402
1801
5483
5627
9003
8772
8495
3166
3148
3182
5527
3323
1607
8731
7876
8073
1537
8612
1115
4717
510
520
3935
2276
3074
5958
724
5747
8184
2142
1706
7009
7681
2746
7236
4315
131
4538
879
3234
8816
573
9284
677
7428
6988
5554
224
2128
9722
6772
1328
4002
9473
5703
7194
1687
8105
1252
6127
9947
7344
2248
8969
6325
1116
4312
881
4650
6140
173
9167
1127
1511
9636
112
6034
6923
6584
6857
1618
904
6918
7239
4696
4971
3124
5198
677
6991
8267
1900
4233
7173
4675
2999
719
3097
291
6639
1542
6005
8738
2713
6191
9146
7514
7683
3388
404
2417
809
3907
5665
5282
7043
8026
6416
6430
9026
1274
4915
2847
5654
3163
2963
8040
7467
4945
5750
9758
9796
4060
575
7335
3013
4935
1313
1257
5503
8044
3445
3772
9048
1736
1166
819
8206
4243
7659
2387
4946
6484
1950
518
7325
9812
942
1601
6320
6696
3191
2367
8036
6451
1793
7016
9497
2640
7340
6312
4947
3499
8332
8140
6197
1856
5650
3028
4905
6399
9737
7430
6901
1877
4003
2197
8660
1814
5606
3588
3865
3694
5276
9419
3612
3189
1104
3508
7286
988
7352
7430
2373
3049
8237
9800
564
2689
8377
9778
4365
821
6123
3296
3164
8880
3371
7642
178
7463
5585
2456
2040
2604
8778
2933
930
699
5943
4095
5092
2598
4081
3362
7329
7140
4341
2327
2659
4498
2057
7630
5694
92
467
5162
5489
566
1797
1398
635
4322
2014
650
188
455
1073
7215
6639
1590
8736
7004
5621
8069
7171
4060
3269
3224
5451
3599
6230
2053
7778
4658
1228
8528
6841
2278
756
9947
6028
1245
8986
320
9401
861
7338
8549
6320
2937
2217
1382
8387
3291
8469
5524
9986
368
764
8110
117
3310
1779
9796
2438
5770
363
157
2482
1102
5126
764
5870
9145
8848
7360
8997
4788
6974
8883
4141
3702
9063
7732
4276
1224
5524
2646
8914
6227
3217
2820
1258
2980
2592
9505
8680
535
5895
9199
3037
934
693
776
4746
4688
5462
7419
4663
4397
4316
3059
806
5121
6080
2166
2756
3171
8869
1219
5175
3364
5074
9939
3273
8461
3265
464
7320
3499
2857
3043
308
2053
4627
7557
2752
1041
5156
1158
1245
5681
6091
3708
2911
6385
9766
4304
6139
4980
1179
4175
9130
8498
2538
3475
1667
4950
727
2125
2281
7013
9857
7725
2496
6349
833
6779
2211
3396
7312
9016
5434
4920
2810
8398
3563
4333
6800
8594
4198
7866
8622
5130
7082
3029
6781
1204
5164
4499
7765
9279
8023
6552
2918
5908
6943
460
4094
3012
5737
9914
8822
4821
9144
7438
3547
6055
1059
31
9132
3535
8157
2798
6262
425
591
5241
9658
9531
331
6023
9055
9717
9477
8536
1814
7360
5379
1404
6728
3004
6783
5174
1055
1891
5375
8868
3206
5877
69
7837
1568
3407
7187
7379
5957
3668
8270
4998
1920
837
8696
7811
9678
4398
4473
657
8907
1932
1663
4718
7732
1485
2704
6122
9321
1639
6586
8908
2305
8753
5319
6980
1861
2500
7398
5236
6758
2777
102
938
3923
3340
6365
2535
6154
115
8674
4698
487
5036
2031
5089
4439
9445
309
517
4831
4671
5561
7581
9247
1172
7768
5627
3298
1845
3335
7901
7813
9519
4241
175
8849
3440
6143
4758
9963
4663
3009
1855
608
5625
7836
9491
6661
4936
3922
7876
9159
4398
8781
3996
5095
1648
3294
7458
9786
8439
1973
9198
3766
1549
6317
494
8409
581
2154
951
3572
4500
3601
560
7428
6673
796
2816
3348
6356
5936
2925
1211
3133
2292
7607
850
9628
3875
740
3442
6973
9208
2124
2656
6957
1248
5048
1064
4598
6958
1991
8959
4920
4202
6803
2045
8148
736
6016
1729
8241
9869
1543
6681
696
72
1973
7223
6916
1270
9893
4679
4064
8853
8240
6318
1300
7545
9555
2735
5572
1170
8183
8638
2711
1122
6957
9836
2497
5831
6730
8970
9561
5923
9212
18
5521
4905
1018
6915
1580
3199
9569
4798
4981
4134
9549
3284
7154
4114
1997
14
6188
5583
6761
9189
1328
664
3095
4294
2618
5354
2424
6321
4504
9038
1963
8886
8253
1744
7790
9389
4375
2027
1220
1069
2874
1680
2888
4186
6145
9568
4815
5878
6582
5781
1901
7276
8556
9050
816
3366
2345
4915
6024
5767
5771
9452
9823
1129
7859
3588
5721
8144
7657
5945
2173
4325
504
8020
6806
9649
3498
4034
9608
7904
1698
9263
7232
8179
6674
4859
9568
8293
9422
4209
4048
9178
367
5755
2762
4236
224
9841
2389
494
6798
2652
7200
9048
4469
8576
951
699
5069
3453
4331
8981
1141
5062
844
6816
5127
3956
5466
4944
984
7262
7247
9958
7892
444
9142
7297
9262
7191
5772
9844
4103
5535
2592
5957
1933
9160
7957
1661
6898
6396
2989
521
1531
5862
2797
1269
5683
6922
6618
7657
1533
5167
3735
7201
1330
7987
6662
5473
513
2973
3016
459
5226
2353
2731
7092
9858
9962
7827
5556
7238
3362
7836
8172
1357
2615
5133
8808
110
8987
948
5578
3420
1337
4624
2335
341
5369
5807
6956
7249
1041
1687
4747
8084
6416
9160
3411
6727
2052
4818
2005
1104
8590
4076
33
8327
1668
4385
4421
332
2463
6514
1493
9820
9244
2161
8273
7054
5158
5795
2430
9081
134
3536
3029
4277
269
2158
4867
6777
6365
6824
7631
7311
4365
7053
7367
9226
4374
6585
1833
1101
1673
4333
3172
211
2665
361
1070
4355
1057
3022
7039
3055
4750
755
5819
3000
1873
4812
3005
6725
5206
7265
8954
8014
7822
1953
7812
2267
9214
4777
7038
5161
385
3704
7205
8357
8426
8141
4064
6681
5961
2015
4842
7265
8510
4740
8595
7464
3285
9589
6044
4997
6233
9467
7796
753
255
6001
1094
1944
6418
9024
4318
914
1743
28
5337
2781
1645
4960
4533
3307
2514
8871
5786
6945
32
7350
9076
3804
1842
7406
6467
3459
8961
3549
9178
2990
8923
3157
7241
6389
5083
8919
4773
2588
696
5134
3313
9745
3478
8945
2845
4142
6168
7212
5159
3085
1296
4664
6998
2503
3842
9206
1109
1639
3747
5810
1724
9150
1358
1315
7295
7221
2790
8594
7345
2898
8935
97
2205
8729
1362
7534
4104
8017
734
6627
5560
3524
8514
3245
6390
2304
724
26
3746
3465
3293
609
560
166
2167
1998
6527
1903
7726
4231
2342
8219
2320
560
2263
413
1759
606
2305
3474
6445
3623
1359
6561
5503
8897
348
6628
7751
5575
181
6485
6634
4753
2710
5517
2346
2555
146
8593
3302
4071
7466
6246
812
4563
9240
7147
5400
6117
6981
2062
508
5068
5659
7052
9548
7924
8309
2488
5194
1300
5830
3600
5633
4382
5005
7768
1080
864
1516
3499
5271
924
6337
6163
909
2856
3240
5940
5031
8236
2358
4125
164
4143
9762
5020
9776
894
5831
1904
2007
3963
5817
7292
3978
4351
4476
9614
51
2519
2865
732
1351
7177
9517
1309
571
1729
50
3928
5654
7976
8998
7094
8241
8787
5127
6755
8022
8894
6863
5824
2016
5711
7554
6350
8673
118
1258
3419
250
539
8502
4662
3338
2308
8037
4342
6659
8330
4981
6361
7273
6336
7957
6276
1215
2642
7838
8415
2201
2291
8526
535
2596
648
5834
5103
4034
2127
3989
3257
1276
7555
526
4765
1732
2890
9424
4908
4858
8488
9203
7078
141
9926
7432
8148
9761
8506
5566
2137
2176
1995
8382
6582
5856
3910
414
5144
8184
2693
7710
9454
3147
514
7043
2985
2850
5107
6223
9804
2117
7036
8586
1485
2497
9111
1910
6145
1817
4273
7027
4632
8125
3214
4216
183
2315
3232
6109
9561
2042
5385
4268
5630
606
7874
2873
3580
8449
9759
7024
5648
1577
633
5035
2034
817
8639
3821
8955
8134
1388
3951
8295
1412
1718
6305
7143
7092
3027
5377
9666
824
6917
5215
8235
9928
9299
2771
5479
7845
9774
9988
4038
1
3086
331
6201
2555
781
7687
1305
336
5787
5541
4805
7959
2595
2200
9274
8579
953
3405
4220
8033
1523
7205
8599
8225
7861
7130
7139
2529
215
8871
9227
7708
3173
2467
6969
1386
961
6772
7257
1475
1349
5440
1230
4109
1514
3994
3309
9630
6986
5700
1168
1955
7852
9900
7462
5254
4734
204
3889
3290
796
1551
8283
1003
4963
4483
5798
4953
5894
2236
5995
9089
5843
1189
8629
4999
8482
8104
2317
1236
4997
8174
1860
4651
8344
6367
2024
7724
6392
815
7795
9832
885
1051
3755
7113
643
5812
8112
5111
4220
4778
117
760
9373
6191
3158
5430
4106
7544
9620
8713
6816
9734
7784
3453
1121
5979
5482
6100
4305
5564
3
2893
7016
9069
8842
1611
5833
6108
1271
667
9638
8795
6430
2166
5326
4177
9671
3233
8351
6698
5211
378
8812
7371
9795
4957
4369
9817
9071
3915
7141
4550
5600
8866
2901
1996
5058
8355
7417
1593
5054
2630
6541
9026
9233
7641
3821
6167
7825
5141
1803
8599
4665
8735
962
3744
9840
1520
3223
8567
6607
9570
5455
9580
966
6915
1938
9450
2396
1915
3858
3887
4636
1951
8153
9704
6117
3233
7653
9931
684
5157
9424
4704
560
4154
8421
7272
5190
248
9152
2923
1525
645
8895
4880
3622
8599
2218
5294
1997
2506
8024
1353
6065
9769
7159
6210
6249
2257
744
1955
5819
5422
6814
7165
6391
1054
5600
4717
5166
4496
1844
6487
6423
706
5894
310
4593
9984
4041
1165
1314
3421
2508
2928
4244
153
8844
9218
1167
3353
9087
1902
8916
9585
8972
3610
2987
6583
2733
6278
371
7862
3589
1170
5101
8608
5868
7077
3253
6270
9921
2501
1778
961
7453
4466
3405
5349
6728
1348
8069
1045
4198
9575
9879
8674
1555
4416
7423
1803
4950
3175
4414
677
6167
5089
7104
305
3916
5947
4682
8904
7097
7061
8966
6866
873
7575
91
3524
697
6318
5606
8793
9056
4383
1429
9462
4636
2484
4441
5368
3854
7737
8140
9001
231
2973
4760
3155
8012
7959
9521
5203
2542
5956
5265
3249
1474
954
8635
9006
7640
591
2170
4555
6555
7296
214
5339
8968
5514
366
9707
1586
5990
6361
6118
7191
9058
2724
2728
8707
7635
6324
472
474
7171
5038
27
3978
4228
9133
5033
4585
7526
6687
8838
454
5319
406
9678
4737
784
9518
9704
7403
2746
7083
6532
3599
2491
17
2110
1326
8698
6409
2621
2367
1592
2292
4850
6944
4293
7931
8996
4330
4033
1910
5260
8816
8444
9810
1708
2829
2419
3130
3886
6748
9192
3232
2456
8036
5228
4569
3712
661
2279
1218
9287
9458
1532
842
5536
3092
4148
596
181
3584
9716
205
3603
9964
9121
8464
4879
8585
1173
765
8096
2822
2974
6887
2809
494
2437
258
3578
8175
7636
2162
7453
7757
1751
6976
5001
2123
4233
7399
14
3594
8530
1848
5372
922
4216
9744
7735
8063
6699
4231
1679
658
788
6005
4712
4262
5395
6451
8187
1692
5361
2982
5565
5559
2991
4626
8692
6044
6271
1290
4808
3286
2926
5808
1849
8366
9478
3969
7280
6797
2329
3997
6166
3690
3467
3651
7479
311
6893
48
3763
7600
3097
4598
8152
3452
7991
3029
4515
6986
9604
8381
1002
4897
506
3049
4652
2068
6496
4500
4850
1055
2345
8110
6449
2831
3568
9726
9113
4177
9130
19
8083
5544
3748
2466
2949
6826
22
6895
5271
7531
26
921
2911
2111
3171
2310
8790
847
2169
6347
4478
1604
1759
3610
4469
8036
5462
5197
5299
5349
4120
4448
4778
5627
6196
6428
508
886
3904
9072
3587
3532
1131
2775
2964
692
8771
8403
8221
1014
664
7274
3769
9963
8584
445
5396
2385
7921
8823
899
9152
6589
72
146
8105
8508
3066
6324
8159
9538
5714
9344
9436
8140
7403
4454
1619
5257
3001
3909
7319
7878
1398
7263
7169
8613
7891
6307
8648
9204
6385
3945
1129
9374
4323
2455
5585
3656
559
5453
8504
7926
3945
9613
6104
4248
8340
6778
6725
7329
7931
4377
6400
8406
5294
2310
5032
2690
3462
7373
8358
4647
2414
2135
3931
1327
9871
3751
7722
7722
6033
9628
1623
9701
2026
1084
1136
9455
2172
3182
6824
5590
964
8770
2728
5000
6603
7433
9896
6491
4331
5536
3388
6751
4422
1826
6699
7714
1659
4162
8415
618
5416
6882
2069
6149
2021
4998
1693
1909
4016
1007
2352
8193
4105
2404
7056
534
5129
3202
8902
2796
1246
696
17
7769
9626
9528
6948
3112
6452
8710
5508
9295
5789
3665
6757
2737
4962
4580
9818
1739
5498
4430
6501
4994
4385
4829
7367
2463
6446
5602
8743
6264
4942
4385
5506
4794
4180
5898
4953
6817
4872
6613
2983
3455
245
9462
4975
5135
8518
4970
257
7400
5231
9712
852
4198
7152
384
2318
9792
8001
1901
6927
709
5059
957
7171
7347
4902
2235
634
736
5940
3091
5660
3768
5238
3916
891
7747
7157
5652
787
4501
1795
2940
3509
1517
1863
1251
7190
2532
7717
9019
5535
8877
1560
1262
3951
7464
3503
9474
2940
9792
4121
3679
6393
2581
435
6444
8564
4729
4815
5391
5030
7152
9216
269
9736
1811
374
3013
2334
3670
5098
4399
7482
4720
8646
8835
485
2286
3315
9679
1734
4824
8859
1025
5769
7134
1077
8356
9455
3520
58
9660
7784
1798
4939
670
5092
3247
7730
2714
4120
3627
4831
9375
5276
8170
1168
8572
3681
9146
8522
38
2177
7989
6623
4203
4301
5270
2823
7475
2433
867
3756
574
2836
3555
315
1172
1062
3945
5456
9411
8383
7220
2890
5040
2278
2417
3551
7914
1791
3156
5884
9357
1616
656
5445
519
7131
3648
9111
5259
6292
1347
9240
9320
3294
5052
3574
4608
3199
1127
7353
7232
6370
3131
5138
617
6462
3684
1202
527
5980
7294
8968
7055
8963
3814
1963
9815
1223
8460
1009
6414
4751
8396
4972
1089
4400
7767
5304
9857
1749
2772
7781
933
3186
5863
8435
4328
6674
3500
4430
2486
4401
4997
4879
4658
6586
968
961
1275
5062
8639
9566
1018
3972
7832
9714
2511
8860
5864
6429
4587
4794
1762
2457
3958
8745
208
4235
6763
1393
3479
4864
957
8767
5241
3483
9790
4689
3542
7408
2736
852
1574
670
9140
2567
3880
189
1582
4662
2532
8693
504
3884
2535
1741
8987
1215
8206
4696
6746
9990
2590
4363
5374
3422
136
9141
2671
8199
8774
1004
2492
9212
1324
2398
7955
4105
7702
1247
96
5398
8821
7630
1091
2169
234
6430
1003
2963
8610
1278
9710
6487
6940
6437
1126
6912
5010
4934
5111
6152
125
3217
3600
6371
9327
4872
1367
2127
8415
8538
8581
3090
4984
8048
1856
5040
2359
6048
2840
9009
8850
5852
8562
5819
2043
163
5736
6062
998
9392
2001
3574
173
6825
688
3871
7618
2609
2129
7650
6624
3668
3727
3506
4312
2008
3074
3257
2917
9638
3245
7964
9494
4299
7052
2591
7597
6597
7543
2543
131
5724
5310
5869
6012
7957
9261
759
4539
9379
6457
9183
442
1873
8316
3989
9470
9300
5031
8587
9068
9051
7434
5486
1209
2614
5645
2339
4762
7695
6884
1949
2921
3545
578
5703
7161
634
7507
8288
2952
5557
1156
5231
4017
2181
3658
3775
1340
421
5769
1941
284
4739
145
222
4230
5512
9886
5292
5932
7723
9773
5365
8450
3106
5910
2387
5955
3812
606
7112
951
7972
3232
9309
8558
79
4523
6818
354
2055
1331
4004
9992
4045
1199
2256
316
7530
1276
2627
7011
7182
4090
3442
6961
2020
3472
3764
450
920
7533
6982
5078
2269
2016
7448
5861
2681
6565
7109
335
5054
8502
8372
9726
1994
3554
4058
7218
6630
631
5233
2192
9213
8252
2967
4943
4494
3481
595
9823
1900
369
8949
6033
7755
3783
8209
4331
6390
6263
6501
4833
4912
57
7190
5781
4584
3863
3930
5639
305
3962
4969
1227
8522
2404
5940
2716
3053
705
3438
2272
7755
6103
52
6888
4756
8868
5188
7512
7065
3348
5029
5965
4744
2503
9278
8359
4578
5530
1954
8699
4177
835
8424
9206
2792
2097
1139
4526
2776
3450
2040
5417
7581
943
527
3800
4471
1289
2033
5108
2692
5734
3736
5750
769
6322
778
3221
9794
4267
8437
3893
3108
5248
3177
8831
6599
4466
8199
1128
8014
5063
7215
9198
8114
7119
3492
9223
1323
862
9943
6514
8543
6951
9992
9950
283
8720
8277
5839
3896
6150
4863
7563
4798
8993
6554
5192
7830
6920
4181
4873
1627
7916
5236
1279
5770
2192
7155
7622
7815
7825
7688
6834
4847
6079
5315
4405
2141
8863
4450
8043
9686
8177
7334
1852
5890
7529
6894
3041
6596
8314
2643
7300
6711
9909
4712
4947
1185
859
9502
3685
1881
9951
4114
5412
6952
173
5697
3873
9735
5630
6190
7174
4894
1321
2523
4171
574
8352
7303
6571
6651
2640
5216
9222
823
3459
5978
9509
6254
9263
5503
3037
6743
2175
3153
6857
7996
9203
4427
3368
6471
7851
5244
7735
468
6093
6119
9161
1690
1862
1916
1686
9305
5202
5674
3311
2712
6995
2980
3199
3678
1795
6802
5453
3261
8704
1333
4565
4068
3477
7406
1996
3748
7055
1352
5538
1368
593
3771
3157
4333
4732
4657
781
9844
1298
6506
9192
1549
8955
7656
8573
8998
402
3918
567
4789
7645
7787
6748
1877
3582
979
9293
1439
2709
7873
4358
9856
1069
4543
1150
1954
5780
497
17
6443
7407
7989
1024
8652
4276
6823
410
5143
6397
943
6091
4526
8118
6766
4956
8918
2808
2249
4066
866
9968
9927
5082
1284
4972
6852
6249
4966
4333
9216
9091
1582
4865
9759
7594
1716
3390
1563
6116
9464
4762
2735
8524
5374
9877
2645
5107
6136
2081
1903
5727
281
9917
5029
7356
2389
6516
6924
1646
1843
1103
1663
3520
5962
6048
4887
4900
1544
3719
9106
8621
3280
954
4620
6366
2285
5431
7434
1007
3094
7400
9538
8134
2842
2313
6221
3744
2083
4732
9734
5076
2732
1550
8513
9408
4925
3057
6447
1242
1272
3668
7214
1779
3917
215
4587
5829
7120
4659
789
380
5639
9760
1473
5927
7094
833
7706
6368
4741
4024
2458
5784
5547
1753
1528
728
7364
8893
6589
4810
8098
9119
1068
8272
9250
9379
7985
9054
6002
1934
2520
3391
6065
7592
1083
3365
9948
813
2989
6067
5997
7228
418
3983
4579
6781
7320
9094
7143
1147
8113
3770
7512
2427
2651
6
4743
1172
4722
4820
9164
5739
7601
3670
5783
1690
1612
5668
2156
9497
5503
4042
1031
1167
5532
2821
1597
1561
3604
6036
7011
8174
8542
8851
25
3911
2635
1015
2990
1027
8961
1758
3311
786
3682
1842
487
2642
1502
2849
6293
8781
1753
6008
5362
4708
7256
2843
9451
4247
7964
7778
5020
7779
6689
8438
395
5851
4762
2859
5758
6386
1314
4066
6466
2636
1097
1548
7814
764
2209
6058
7233
452
6943
8846
8139
9319
6037
8950
8178
2088
9110
2510
3438
8399
1737
6154
9358
8981
2734
2526
8525
8506
3548
9718
5329
4820
5370
7972
7519
8533
8532
6416
5129
3937
3114
9750
7930
2125
9257
9869
3603
9800
639
166
169
2779
4805
950
7853
1482
9591
2831
7523
6770
5774
1180
5126
8456
2235
8868
4133
5513
1430
6352
893
6548
9781
7883
1016
1466
9680
109
8443
430
7293
4699
2666
4163
3022
9697
3757
479
9602
5318
9279
5488
6146
8622
1967
4365
5133
8081
2135
5792
3346
3446
4169
6220
7062
8519
2180
4952
6402
4429
5911
8732
3719
8857
4348
4967
6100
2266
1106
6032
2648
5658
2655
3209
3062
5632
7695
7699
5232
1578
3613
7913
6030
6761
3820
6761
1319
9701
7999
20
8296
4796
5821
7032
5732
1454
3516
7965
5409
9122
1829
7632
1103
1553
3389
4523
9857
7424
7242
5050
3933
5968
8434
7301
861
5685
896
5595
3289
1388
2633
6990
9959
9852
3189
3597
4070
7152
4768
9970
5542
1409
9972
3196
9226
3131
1138
4371
2003
1558
8485
4076
7876
9532
6908
1202
1667
1266
4124
4003
8720
7106
6119
4626
161
6878
9337
3505
656
8732
2918
8015
8393
3541
8433
558
5037
5852
9017
4851
6804
1148
4594
5620
6459
5745
4954
6107
51
53
7876
9872
1504
8099
5161
8187
2791
6251
5496
2014
7360
1870
9407
8036
9729
8285
8182
1465
4711
5907
5641
4522
5597
578
8888
8322
1837
9305
1768
7690
3211
431
2656
2935
9316
9977
6419
9984
305
8411
8914
433
7254
2414
1226
6050
8261
4354
9997
8073
9454
8115
9663
215
8443
3710
2191
5749
1440
4653
9987
3236
4263
1461
8073
2516
1743
1869
2304
2442
9672
3324
1453
4486
8375
6158
2324
1843
7214
6490
8689
1938
4894
6326
6822
1335
1330
4604
2680
6004
2978
7003
8353
6573
5062
4215
8321
7777
924
8073
9264
3651
824
2443
697
5187
9987
1117
7531
5146
8404
8058
9830
5511
2965
6324
9476
6671
5870
723
8247
3853
1954
5866
6885
5506
1527
5620
157
458
4681
2206
8579
5426
7599
3174
3552
2207
1333
2304
8969
4318
8807
6127
8985
6133
6287
1220
8649
3704
1492
8654
1341
5337
1671
1076
4541
1746
1458
4787
3384
125
2158
3853
9650
3861
1192
5836
2355
9741
2903
9003
4972
7529
9632
9062
3435
2530
5056
9361
8569
407
143
2314
6334
4899
5744
1314
9382
3341
4866
1856
3822
1911
1949
7719
5793
2388
6101
3122
3472
4880
189
4549
1497
6441
7893
6612
6410
3804
6428
4725
3708
9558
3484
3665
9363
4995
3109
5132
1242
9611
6789
9331
8792
6761
2740
5280
2525
7334
8575
2068
8404
8479
9948
8597
6048
2388
484
2497
3817
930
6402
9823
8328
5546
2586
5932
692
8221
5530
4485
6895
8578
2616
5920
5093
4177
6439
8933
8358
5973
7558
8512
7389
8527
8957
1903
4081
5063
745
9495
3467
748
4204
1097
8515
3673
130
9306
9562
1926
7614
748
7715
6897
5910
2869
9480
7464
3814
8642
8091
7090
8142
4056
5508
6013
5278
3594
7932
3691
7542
7030
6803
2460
9176
6826
6727
1966
5104
9167
1545
5333
9318
3246
9847
2286
8729
2803
1643
1467
2624
1098
8600
4030
7508
5533
1288
3300
2014
951
8223
718
6832
1264
3132
6622
154
7520
8831
5481
9996
6788
8396
9160
958
281
6872
8464
4451
1065
9686
2825
8258
1358
7127
261
3378
6963
7802
4989
3572
1676
7784
7990
5743
7678
6348
6636
7362
8826
3643
3111
498
2556
410
7736
718
2652
4974
2575
3093
9548
8103
2706
6866
7005
2074
7426
4960
4023
6278
1295
4418
8672
8066
5435
9138
6164
4167
2751
6787
6923
4972
6889
7697
1678
1271
3625
4665
9684
600
5125
9135
3041
8261
2059
997
4793
6292
5902
6396
1008
2197
3907
344
7319
8061
2242
8692
8615
9851
8549
7071
6427
6161
3801
2776
2400
5411
4739
9253
7756
637
2409
1841
8060
1375
9352
7731
9799
2875
7858
2710
289
3903
4366
2220
5248
5711
548
4466
9007
6437
9945
8892
788
7125
85
4209
6713
7858
3960
6334
1318
5067
1448
8084
4190
3986
818
9314
7072
3446
2808
8252
4284
3698
4928
2259
4614
1831
1615
8975
5993
3466
6679
6850
5194
3894
8046
7463
3574
6593
1262
670
6427
2139
7417
7664
7921
5944
3201
6297
5786
8952
5669
7650
9914
1454
1935
2774
6877
6522
4514
3760
7984
6214
6309
3852
1967
656
5354
7187
4611
7402
8325
9942
6762
6034
3578
1136
8987
880
9000
3165
5889
2954
7320
9253
5570
712
1687
7439
71
8087
7305
8467
745
7415
709
7996
8467
4292
6859
1917
2341
1231
5658
7257
2158
7031
3710
125
9203
9192
4209
6474
7253
7419
7655
1082
572
7284
8806
5049
8585
4447
719
2411
7477
1497
5057
1956
7490
1425
8891
1270
881
4038
2214
6163
9626
4173
7043
155
3803
3516
8567
5488
1323
1007
1143
9273
7138
362
7108
5781
5435
7057
4344
8653
1407
1301
9335
4867
171
7955
6069
5641
9163
9147
7516
8154
6881
432
5689
5967
5279
6710
8296
5310
5272
9868
4882
9030
4840
6116
2975
9948
7041
7323
5297
571
874
7321
2321
6711
1382
1101
610
8401
6642
2101
6270
2680
8366
376
4571
9345
9716
2330
1352
2519
8647
928
9156
8066
7572
3802
1217
9266
501
5517
9417
932
6921
9420
8082
5198
7633
3944
4132
593
1515
8018
5484
9662
3777
335
3859
9433
5634
7609
5164
3305
2522
7683
494
2554
3010
4361
3447
611
3366
2193
4937
3465
3379
1070
4969
5155
7473
2468
1961
8132
1429
1440
4092
4494
9093
1066
3898
5562
5324
8936
6878
4102
1145
8487
7224
5575
4576
1526
8949
2276
5920
2104
8672
6934
9457
6073
7112
409
4389
5097
9942
1501
6696
8691
5070
5559
93
2922
2641
2571
8683
9835
6104
4725
6094
7349
7531
8061
5901
5425
8045
2735
5949
617
4697
1707
4827
7792
8412
8170
2209
4743
3740
7945
6008
2728
55
4237
8390
3513
5584
8627
9557
1439
162
4004
2921
7215
13
2247
7789
8682
7967
1900
6020
2630
5532
8832
7217
879
9039
5919
2999
3340
649
6174
4644
496
6465
7414
9949
7878
8189
5551
4576
5478
1817
7916
306
5768
6738
7616
7676
5026
1224
4883
3256
3985
5821
1608
2493
5505
4421
792
7468
8888
3900
3556
5189
2778
7118
2490
6120
1145
824
1637
4492
9746
9535
224
1710
3713
8801
9346
1597
386
6471
8253
1611
5390
8511
9655
7253
4087
6743
1462
7861
4995
9466
5817
745
6556
2349
4894
7154
3701
6193
6976
8017
6088
217
5611
9518
5570
4378
9258
8647
6503
1881
8798
6646
8829
3543
5490
3908
518
8937
2527
3369
2919
5367
9234
640
9854
4633
8088
8240
8858
9262
1279
8162
876
4451
5310
1696
2967
9288
9263
7945
7030
1011
4784
2802
6481
9022
3597
8277
1891
1179
1394
8022
6103
3483
5339
8648
9103
5704
6081
8018
3016
9700
4196
1073
7987
4250
5247
939
426
44
7310
8094
6133
1172
9715
3179
2136
4908
2000
9669
2736
9882
